75 12 85 13 91 15 79 73 91 91 22 58 6
85 74 91 91 91 73 79 58 22 13 15 12 6
6| 79 91 91 91 73 79 58 85 13 15 22 12
6 12| 91 91 91 73 79 74 85 22 58 15 13
6 12 13| 91 91 73 79 74 91 22 58 85 15
6 12 13 15| 91 91 79 74 91 85 58 73 22
6 12 13 15 22| 91 79 74 91 91 73 85 58
6 12 13 15 22 58| 79 85 91 91 74 91 73
6 12 13 15 22 58 73| 85 91 91 79 91 74
6 12 13 15 22 58 73 74| 91 91 85 91 79
6 12 13 15 22 58 73 74 79| 91 91 91 85
6 12 13 15 22 58 73 74 79 85| 91 91 91
6 12 13 15 22 58 73 74 79 85 91| 91 91
6 12 13 15 22 58 73 74 79 85 91 91| 91
6 12 13 15 22 58 73 74 79 85 91 91 91|
=======================================
76  |9|  90  22  93  23  85  74  93  93  24  60  8
8  |9| 90  22  93  23  85  74  93  93  24  60  76
|8| [9] 90  22  93  23  85  74  93  93  24  60 76
[8  9] 90  |22|  93  23  85  74  93  93  24  60  76
[8  9  22]  90  |93|  23  85  74  93  93  24  60  76
[8  9  22]  90  23  85  74   24  60  76  [93  93  93]
[8  9  22  23]  90  85  74   24  60  76  [93  93  93]
[8  9  22  23]  74   24  60  76  [85]  90  [93  93  93]
[8  9  22  23  24]  74  60  76  [85]  90  [93  93  93]
[8  9  22  23  24  60]  74  76  [85]  90  [93  93  93]
[8  9  22  23  24  60 74  76  85  90  93  93  93]
